# Created by the Open Source Physics library

# name: data0
# type: matrix
# rows: 450
# columns: 2
0.0 0.0
0.01 9.603999999978896E-5
0.02 1.9207999999991897E-4
0.03 2.8811999999970797E-4
0.04 3.8415999999972427E-4
0.05 4.80199999999968E-4
0.060000000000000005 5.762399999996433E-4
0.07 6.722799999997733E-4
0.08 7.683199999995623E-4
0.09 8.643599999995786E-4
0.09999999999999999 9.603999999997086E-4
0.10999999999999999 0.001056439999999725
0.11999999999999998 0.0011524799999992866
0.12999999999999998 0.0012485199999989617
0.13999999999999999 0.0013445599999994328
0.15 0.0014405999999994492
0.16 0.0015366399999992382
0.17 0.0016326799999992546
0.18000000000000002 0.0017287199999993846
0.19000000000000003 0.0018247599999991735
0.20000000000000004 0.0019207999999995308
0.21000000000000005 0.002016839999999547
0.22000000000000006 0.00211287999999945
0.23000000000000007 0.0022089199999993526
0.24000000000000007 0.0023049599999992554
0.25000000000000006 0.0024009999999993854
0.26000000000000006 0.002497039999999515
0.2700000000000001 0.002593079999999645
0.2800000000000001 0.002689119999999548
0.2900000000000001 0.0027851599999995642
0.3000000000000001 0.002881199999999808
0.3100000000000001 0.002977239999999597
0.3200000000000001 0.0030732799999993858
0.3300000000000001 0.0031693199999996294
0.34000000000000014 0.0032653599999994186
0.35000000000000014 0.0033613999999995486
0.36000000000000015 0.0034574399999994514
0.37000000000000016 0.003553479999999695
0.38000000000000017 0.003649519999999711
0.3900000000000002 0.003745559999999614
0.4000000000000002 0.003841599999999971
0.4100000000000002 0.00393763999999976
0.4200000000000002 0.004033679999999549
0.4300000000000002 0.004129719999999679
0.4400000000000002 0.004225759999999582
0.45000000000000023 0.0043217999999994846
0.46000000000000024 0.004417839999999728
0.47000000000000025 0.004513879999999631
0.48000000000000026 0.004609919999999874
0.49000000000000027 0.0047059599999997774
0.5000000000000002 0.004801999999999793
0.5100000000000002 0.00489803999999981
0.5200000000000002 0.004994079999999713
0.5300000000000002 0.005090119999999729
0.5400000000000003 0.005186159999999745
0.5500000000000003 0.005282199999999648
0.5600000000000003 0.005378239999999778
0.5700000000000003 0.005474279999999681
0.5800000000000003 0.0055703199999996966
0.5900000000000003 0.005666359999999941
0.6000000000000003 0.005762399999999843
0.6100000000000003 0.00585843999999986
0.6200000000000003 0.0059544799999996486
0.6300000000000003 0.006050519999999778
0.6400000000000003 0.006146559999999909
0.6500000000000004 0.006242599999999811
0.6600000000000004 0.006338639999999714
0.6700000000000004 0.006434679999999957
0.6800000000000004 0.006530719999999746
0.6900000000000004 0.006626759999999649
0.7000000000000004 0.006722800000000006
0.7100000000000004 0.006818839999999909
0.7200000000000004 0.006914879999999925
0.7300000000000004 0.007010919999999714
0.7400000000000004 0.007106959999999845
0.7500000000000004 0.007202999999999633
0.7600000000000005 0.00729903999999965
0.7700000000000005 0.007395080000000121
0.7800000000000005 0.007491119999999682
0.7900000000000005 0.007587159999999585
0.8000000000000005 0.007683199999999715
0.8100000000000005 0.007779239999999618
0.8200000000000005 0.007875279999999976
0.8300000000000005 0.007971319999999765
0.8400000000000005 0.00806735999999978
0.8500000000000005 0.00816339999999957
0.8600000000000005 0.008259439999999812
0.8700000000000006 0.008355479999999488
0.8800000000000006 0.008451519999999619
0.8900000000000006 0.008547559999999977
0.9000000000000006 0.008643599999999878
0.9100000000000006 0.008739639999999894
0.9200000000000006 0.008835679999999912
0.9300000000000006 0.0089317199999997
0.9400000000000006 0.009027759999999716
0.9500000000000006 0.00912379999999962
0.9600000000000006 0.009219839999999976
0.9700000000000006 0.009315879999999652
0.9800000000000006 0.009411919999999895
0.9900000000000007 0.009507959999999684
1.0000000000000007 0.009603999999999701
1.0100000000000007 0.009700039999999717
1.0200000000000007 0.00979607999999962
1.0300000000000007 0.00989211999999975
1.0400000000000007 0.009988159999999652
1.0500000000000007 0.010084199999999783
1.0600000000000007 0.010180239999999684
1.0700000000000007 0.010276279999999815
1.0800000000000007 0.010372319999999718
1.0900000000000007 0.010468360000000076
1.1000000000000008 0.01056439999999941
1.1100000000000008 0.01066043999999988
1.1200000000000008 0.010756479999999556
1.1300000000000008 0.010852519999999912
1.1400000000000008 0.01094855999999993
1.1500000000000008 0.011044599999999719
1.1600000000000008 0.01114063999999962
1.1700000000000008 0.011236679999999524
1.1800000000000008 0.011332719999999654
1.1900000000000008 0.011428759999999556
1.2000000000000008 0.011524799999999686
1.2100000000000009 0.011620839999999702
1.2200000000000009 0.011716879999999832
1.2300000000000009 0.011812919999999621
1.2400000000000009 0.011908959999999524
1.2500000000000009 0.012004999999999995
1.260000000000001 0.012101039999999784
1.270000000000001 0.012197079999999687
1.280000000000001 0.01229311999999959
1.290000000000001 0.012389159999999493
1.300000000000001 0.012485199999999395
1.310000000000001 0.012581239999999752
1.320000000000001 0.012677279999999883
1.330000000000001 0.012773319999999557
1.340000000000001 0.012869359999999688
1.350000000000001 0.01296539999999959
1.360000000000001 0.01306143999999972
1.370000000000001 0.013157479999999623
1.380000000000001 0.013253519999999526
1.390000000000001 0.013349559999999656
1.400000000000001 0.01344559999999933
1.410000000000001 0.013541639999999688
1.420000000000001 0.013637679999999704
1.430000000000001 0.013733719999999493
1.440000000000001 0.01382975999999951
1.450000000000001 0.013925799999999527
1.460000000000001 0.014021839999999428
1.470000000000001 0.014117879999999559
1.480000000000001 0.014213919999999462
1.490000000000001 0.014309959999999592
1.500000000000001 0.014405999999999608
1.5100000000000011 0.01450203999999951
1.5200000000000011 0.014598079999999528
1.5300000000000011 0.014694119999999656
1.5400000000000011 0.01479015999999956
1.5500000000000012 0.01488619999999969
1.5600000000000012 0.014982239999999479
1.5700000000000012 0.01507827999999961
1.5800000000000012 0.015174319999999738
1.5900000000000012 0.015270359999999528
1.6000000000000012 0.015366399999999317
1.6100000000000012 0.01546243999999956
1.6200000000000012 0.015558479999999576
1.6300000000000012 0.015654519999999367
1.6400000000000012 0.015750559999999497
1.6500000000000012 0.01584659999999917
1.6600000000000013 0.015942639999999644
1.6700000000000013 0.016038679999999316
1.6800000000000013 0.016134719999999332
1.6900000000000013 0.01623075999999969
1.7000000000000013 0.016326799999999368
1.7100000000000013 0.016422839999999498
1.7200000000000013 0.016518879999999625
1.7300000000000013 0.016614919999999415
1.7400000000000013 0.016710959999999317
1.7500000000000013 0.016806999999999107
1.7600000000000013 0.016903039999999463
1.7700000000000014 0.01699907999999948
1.7800000000000014 0.017095119999999724
1.7900000000000014 0.01719115999999906
1.8000000000000014 0.017287199999999642
1.8100000000000014 0.017383239999999432
1.8200000000000014 0.017479279999999563
1.8300000000000014 0.01757531999999958
1.8400000000000014 0.017671359999999595
1.8500000000000014 0.017767399999999725
1.8600000000000014 0.017863439999999516
1.8700000000000014 0.01795947999999953
1.8800000000000014 0.018055519999999662
1.8900000000000015 0.018151559999999903
1.9000000000000015 0.018247599999999694
1.9100000000000015 0.018343639999999935
1.9200000000000015 0.018439679999999726
1.9300000000000015 0.018535720000000082
1.9400000000000015 0.018631759999999987
1.9500000000000015 0.018727800000000003
1.9600000000000015 0.01882384000000002
1.9700000000000015 0.01891987999999992
1.9800000000000015 0.01901592000000005
1.9900000000000015 0.019111959999999612
2.0000000000000013 0.019208000000000083
2.010000000000001 0.01930403999999976
